 # THESE OUTPUTS CALCULATED FOR MAZE_L #
 ________________________________________

    Breadth First Search
SOLUTION:  ((0, 0), (0, 2), (2, 2), (6, 2), (6, 5), (7, 5), (7, 7), (8, 7), (10, 7), (10, 9), (11, 9), (11, 12), (10, 12), (10, 13), (10, 15), (11, 15))
 => Execution time: 0.06749225 sec
 _______________________________________

    Uniform Cost Search
SOLUTION:  (((0, 0), (0, 2), (2, 2), (6, 2), (6, 5), (7, 5), (7, 7), (8, 7), (10, 7), (10, 9), (11, 9), (11, 12), (10, 12), (10, 13), (10, 15), (11, 15)), 28)
 => Execution time: 0.06987762 sec
 _______________________________________

    Depth First Search
 SOLUTION:  ((0, 0), (0, 1), (1, 1), (1, 2), (2, 2), (3, 2), (3, 4), (4, 4), (5, 4), (5, 5), (5, 6), (4, 6), (4, 7), (3, 7), (2, 7), (2, 8), (2, 9), (1, 9), (0, 9), (0, 12), (1, 12), (3, 12), (3, 13), (3, 10), (4, 10), (4, 9), (5, 9), (5, 8), (6, 8), (6, 7), (7, 7), (7, 6), (7, 5), (8, 5), (8, 4), (9, 4), (10, 4), (10, 5), (11, 5), (11, 6), (11, 7), (10, 7), (10, 8), (8, 8), (8, 9), (7, 9), (7, 10), (6, 10), (6, 11), (6, 13), (5, 13), (9, 13), (9, 14), (10, 14), (10, 15), (11, 15))
 => Execution time: 0.0331862 sec
  _______________________________________

    Iterative Deepening Search
SOLUTION:  ((0, 0), (0, 1), (1, 1), (1, 2), (2, 2), (3, 2), (3, 4), (4, 4), (5, 4), (5, 5), (6, 5), (7, 5), (7, 7), (8, 7), (8, 8), (10, 8), (10, 9), (11, 9), (11, 12), (10, 12), (10, 13), (10, 15), (11, 15))
Solution was found when limit had adjusted as 22
 => Execution time: 0.60429287 sec
 ________________________________________

    Depth Limited Search (Limit 22)
 SOLUTION:  ((0, 0), (0, 1), (1, 1), (1, 2), (2, 2), (3, 2), (3, 4), (4, 4), (5, 4), (5, 5), (6, 5), (7, 5), (7, 7), (8, 7), (8, 8), (10, 8), (10, 9), (11, 9), (11, 12), (10, 12), (10, 13), (10, 15), (11, 15))
 => Execution time: 0.05149555 sec
 ________________________________________
 
    Greedy Best First Search 
 SOLUTION:  (((0, 0), (0, 3), (1, 3), (1, 4), (1, 6), (2, 6), (2, 7), (3, 7), (4, 7), (4, 6), (5, 6), (5, 5), (6, 5), (7, 5), (7, 7), (8, 7), (8, 9), (7, 9), (7, 10), (6, 10), (6, 11), (6, 13), (7, 13), (9, 13), (9, 14), (11, 14), (11, 15)), 0.0)
 => Execution time: 0.02866387 sec
 ________________________________________

    A Star
SOLUTION:  (((0, 0), (0, 2), (3, 2), (3, 4), (4, 4), (5, 4), (5, 5), (6, 5), (7, 5), (7, 7), (8, 7), (10, 7), (10, 9), (11, 9), (11, 12), (10, 12), (10, 13), (10, 15), (11, 15)), 28.0)
 => Execution time: 0.05699086 sec
 ________________________________________


